[10:00:00]
    ambient                          = heart_foggy_day
    ambient_color                    = 0.031719, 0.031719, 0.031719
    clouds_color                     = 0.000000, 0.000000, 0.000000, 0.500000
    clouds_texture                   = sky\sky_oblaka
    far_plane                        = 142.000000
    fog_color                        = 0.735294, 0.735288, 0.735287
    fog_density                      = 1.100000
    fog_distance                     = 102.669006
    hemisphere_color                 = 0.243094, 0.243091, 0.243091, 1.000000
    lowland_fog_density              = 0.000000
    lowland_fog_height               = 0.000000
    rain_color                       = 0.679688, 0.640625, 0.601563
    rain_density                     = 0.000000
    sky_color                        = 0.999990, 0.999996, 1.000000
    sky_rotation                     = 0.000000
    sky_texture                      = sky\azm_Foggy\13-00_veryfoggy
    sun                              =
    sun_altitude                     = 61.361195
    sun_color                        = 0.000000, 0.000000, 0.000000
    sun_longitude                    = -38.430000
    sun_shafts_intensity             = 0.000000
    thunderbolt_collection           =
    thunderbolt_duration             = 0.000000
    thunderbolt_period               = 0.000000
    tree_amplitude_intensity         = 0.050000
    water_intensity                  = 1.000000
    wind_direction                   = 0.000000
    wind_velocity                    = 0.000000

[11:00:00]
    ambient                          = heart_foggy_day
    ambient_color                    = 0.031719, 0.031719, 0.031719
    clouds_color                     = 0.000000, 0.000000, 0.000000, 0.500000
    clouds_texture                   = sky\sky_oblaka
    far_plane                        = 142.000000
    fog_color                        = 0.735294, 0.735288, 0.735287
    fog_density                      = 1.100000
    fog_distance                     = 102.669006
    hemisphere_color                 = 0.243094, 0.243091, 0.243091, 1.000000
    lowland_fog_density              = 0.000000
    lowland_fog_height               = 0.000000
    rain_color                       = 0.679688, 0.640625, 0.601563
    rain_density                     = 0.000000
    sky_color                        = 0.999990, 0.999996, 1.000000
    sky_rotation                     = 0.000000
    sky_texture                      = sky\azm_Foggy\13-00_veryfoggy
    sun                              =
    sun_altitude                     = 61.361195
    sun_color                        = 0.000000, 0.000000, 0.000000
    sun_longitude                    = -38.430000
    sun_shafts_intensity             = 0.000000
    thunderbolt_collection           =
    thunderbolt_duration             = 0.000000
    thunderbolt_period               = 0.000000
    tree_amplitude_intensity         = 0.050000
    water_intensity                  = 1.000000
    wind_direction                   = 0.000000
    wind_velocity                    = 0.000000