[07:00:00]
        ambient                          = heart_partly_day
        ambient_color                    = 0.014706, 0.014706, 0.014706
        clouds_color                     = 0.000000, 0.000000, 0.000000, 0.000000
        clouds_texture                   = sky\sky_oblaka
        far_plane                        = 500.009033
        fog_color                        = 0.227172, 0.252382, 0.284314
        fog_density                      = 1.000000
        fog_distance                     = 500.000031
        hemisphere_color                 = 0.373157, 0.397289, 0.414365, 1.000000
        lowland_fog_density              = 0.000000
        lowland_fog_height               = 0.000000
        rain_color                       = 0.680000, 0.680000, 0.650000
        rain_density                     = 0.000000
        sky_color                        = 0.774502, 0.774502, 0.774510
        sky_rotation                     = 0.000000
        sky_texture                      = sky\fair\08-00
        sun                              = default
        sun_altitude                     = 75.349014
        sun_color                        = 0.848039, 0.803352, 0.669286
        sun_longitude                    = -32.558002
        sun_shafts_intensity             = 0.105000
        thunderbolt_collection           =
        thunderbolt_duration             = 0.000000
        thunderbolt_period               = 0.000000
        tree_amplitude_intensity         = 0.039000
        water_intensity                  = 0.036000
        wind_direction                   = 0.000000
        wind_velocity                    = 0.000000
 
[08:00:00]
        ambient                          = heart_partly_day
        ambient_color                    = 0.014706, 0.014706, 0.014706
        clouds_color                     = 0.000000, 0.000000, 0.000000, 0.000000
        clouds_texture                   = sky\sky_oblaka
        far_plane                        = 500.009033
        fog_color                        = 0.227172, 0.264146, 0.284314
        fog_density                      = 1.000000
        fog_distance                     = 500.000031
        hemisphere_color                 = 0.432465, 0.460366, 0.486188, 0.000000
        lowland_fog_density              = 0.000000
        lowland_fog_height               = 0.000000
        rain_color                       = 0.680000, 0.680000, 0.650000
        rain_density                     = 0.000000
        sky_color                        = 0.754894, 0.754894, 0.754902
        sky_rotation                     = 0.000000
        sky_texture                      = sky\fair\08-00
        sun                              = default
        sun_altitude                     = 75.349014
        sun_color                        = 0.818627, 0.774557, 0.638048
        sun_longitude                    = -32.558002
        sun_shafts_intensity             = 0.116000
        thunderbolt_collection           =
        thunderbolt_duration             = 0.000000
        thunderbolt_period               = 0.000000
        tree_amplitude_intensity         = 0.045000
        water_intensity                  = 0.060000
        wind_direction                   = 0.000000
        wind_velocity                    = 0.000000
 
